0 0.0 0.0 0.0 0.0 0.0 0.0 0.0 0.0 0.0 0.0 0.0 0.0 0.0 0.0 0.0 0.0 0.0 0.0 0.0 0.0 0.0 
1 0.0 0.0 0.0 0.0 0.0 0.0 0.0 0.0 0.0 0.0 0.0 0.0 0.0 0.0 0.0 0.0 0.0 0.0 0.0 0.0 0.0 
2 0.0 0.0 0.0 0.0 0.0 0.0 0.0 0.0 0.0 0.0 0.0 0.0 0.0 0.0 0.0 0.0 0.0 0.0 0.0 0.0 0.0 
3 0.0 3.7564611400773145 5.647175450110998 5.991510947401661 6.220659675341531 6.5058401397196315 6.697754775367037 6.754814386612552 6.854238512446602 7.119859755185694 7.567035374738374 8.216885263456353 9.097709353272673 10.246239633934819 11.709094169831507 13.544583411496417 15.824962578753693 18.63922048226292 22.096510724716797 26.330355431489373 31.503782036529614 
4 0.0 1.2874702729933947 2.9779160447722517 4.119339445896981 4.695031664983653 5.041069562647407 5.3514471260785275 5.730021279032602 6.239533295854742 6.926580332618803 7.8337979331046546 9.00640456356587 10.496389347510695 12.36580882511358 14.689895989297783 17.560370177274674 21.089208713412674 25.413095535766097 30.69875636238545 37.14940724882834 45.01257691458242 
5 0.0 0.3883692422609741 1.3911150970085178 2.5712290919484446 3.5492401646795075 4.3792170720952805 5.175525743107957 6.0364884220242425 7.040593592525177 8.255300718543795 9.745431785529966 11.579663883844113 13.835692671186356 16.604763794667658 19.996113560444993 24.14172543458055 29.201730343659985 35.37074605197603 42.885451688856726 52.03371950567128 63.16567277656861 
6 0.0 0.10553828097975934 0.5827718333822011 1.4539993097147594 2.4593327358236916 3.5165170351008044 4.644606544984612 5.898180820914662 7.341367981009891 9.042367182549043 11.075112504747587 13.5229628163949 16.482917792349948 20.07012188429009 24.42280369418027 29.707901345753886 36.12765291142563 43.927451633921436 53.40529816607233 64.92323147235004 78.9211880169145 
7 0.0 0.026247350715828094 0.22084823671338386 0.7443665372493281 1.5464259952454098 2.560706459383565 3.762821379409733 5.165018818268685 6.803163333273871 8.72985090253905 11.012453724298284 13.733893758208445 16.994974035537062 20.917814413105894 25.650292374286142 31.37155984303475 38.2988026738092 46.69548006254964 56.88134797428138 69.24464378635642 84.25689450145744 
8 0.0 0.006047001643096263 0.07618326692835588 0.34309577958855 0.8650685187146935 1.6349505593058624 2.6314954936892563 3.8469339462767573 5.293494016835871 7.002684220224642 9.023678486297062 11.422719286355933 14.28387190369499 17.711056515315963 21.831260726168388 26.798910018711876 32.80146169337088 40.066370101898634 48.869647878310204 59.546324708867544 72.50318764113202 
9 0.0 0.001277020590867856 0.022915135895353298 0.13101912026629808 0.3829383755405813 0.7949290029957274 1.3595848611630155 2.0686637716829406 2.923681105200717 3.938357076309794 5.13824819747247 6.5601646973374885 8.252232408985567 10.274765277038384 12.701925513360969 15.624141384869214 19.151296913113914 23.41676051538445 28.582370716120312 34.84454687743047 42.441744499025354 
