0 0.9380863039399625 0.9375162502740544 0.9373867679491237 0.937309565358369 0.9372591722990743 0.9372219764622879 0.9371923397720541 0.9371673486585235 0.9371452493950027 0.9371248479026862 0.937105234919077 0.937085641654214 0.9370653542640094 0.9370436565907896 0.9370197864155534 0.9369928972275606 0.9369620206320427 0.9369260259794734 0.9368835744183971 0.93683306469734 0.9367725678191315 
1 0.8532329106046298 0.8533484495401841 0.8534366205944542 0.8535029098464615 0.8535506302907486 0.8535877079721038 0.8536182674609176 0.8536447206565283 0.8536686456970275 0.8536911909700842 0.8537132825808772 0.8537357426920168 0.8537593645253991 0.8537849656551647 0.8538134308092781 0.8538457505073015 0.8538830593914569 0.8539266767729793 0.8539781511236417 0.8540393096765178 0.8541123137487799 
2 0.5243720731487781 0.5246032365690549 0.5249583718688948 0.5253152844116173 0.525613702557973 0.5258670257279145 0.5260893044301441 0.5262916202545845 0.526482754864554 0.5266701213278773 0.526860479526014 0.5270604617404422 0.5272769824962039 0.5275175915195222 0.5277908116584681 0.5281064925208334 0.5284762046915238 0.528913697269842 0.5294354421228241 0.5300612911753176 0.5308152781251511 
3 -0.13611682330203245 -0.13611682330203245 -0.13611682330203245 -0.13611682330203245 -0.13611682330203245 -0.13611682330203245 -0.13611682330203245 -0.13611682330203245 -0.13611682330203245 -0.13611682330203245 -0.13611682330203245 -0.13611682330203245 -0.13611682330203245 -0.13611682330203245 -0.13611682330203245 -0.13611682330203245 -0.13611682330203245 -0.13611682330203245 -0.13611682330203245 -0.13611682330203245 -0.13611682330203245 
4 -1.125718119025342 -1.125718119025342 -1.125718119025342 -1.125718119025342 -1.125718119025342 -1.125718119025342 -1.125718119025342 -1.125718119025342 -1.125718119025342 -1.125718119025342 -1.125718119025342 -1.125718119025342 -1.125718119025342 -1.125718119025342 -1.125718119025342 -1.125718119025342 -1.125718119025342 -1.125718119025342 -1.125718119025342 -1.125718119025342 -1.125718119025342 
5 -2.2008841518011217 -2.2008841518011217 -2.2008841518011217 -2.2008841518011217 -2.2008841518011217 -2.2008841518011217 -2.2008841518011217 -2.2008841518011217 -2.2008841518011217 -2.2008841518011217 -2.2008841518011217 -2.2008841518011217 -2.2008841518011217 -2.2008841518011217 -2.2008841518011217 -2.2008841518011217 -2.2008841518011217 -2.2008841518011217 -2.2008841518011217 -2.2008841518011217 -2.2008841518011217 
6 -3.134827869475399 -3.134827869475399 -3.134827869475399 -3.134827869475399 -3.134827869475399 -3.134827869475399 -3.134827869475399 -3.134827869475399 -3.134827869475399 -3.134827869475399 -3.134827869475399 -3.134827869475399 -3.134827869475399 -3.134827869475399 -3.134827869475399 -3.134827869475399 -3.134827869475399 -3.134827869475399 -3.134827869475399 -3.134827869475399 -3.134827869475399 
7 -3.823234828329573 -3.823234828329573 -3.823234828329573 -3.823234828329573 -3.823234828329573 -3.823234828329573 -3.823234828329573 -3.823234828329573 -3.823234828329573 -3.823234828329573 -3.823234828329573 -3.823234828329573 -3.823234828329573 -3.823234828329573 -3.823234828329573 -3.823234828329573 -3.823234828329573 -3.823234828329573 -3.823234828329573 -3.823234828329573 -3.823234828329573 
8 -4.2801453011640715 -4.2801453011640715 -4.2801453011640715 -4.2801453011640715 -4.2801453011640715 -4.2801453011640715 -4.2801453011640715 -4.2801453011640715 -4.2801453011640715 -4.2801453011640715 -4.2801453011640715 -4.2801453011640715 -4.2801453011640715 -4.2801453011640715 -4.2801453011640715 -4.2801453011640715 -4.2801453011640715 -4.2801453011640715 -4.2801453011640715 -4.2801453011640715 -4.2801453011640715 
9 -4.56602218304856 -4.56602218304856 -4.56602218304856 -4.56602218304856 -4.56602218304856 -4.56602218304856 -4.56602218304856 -4.56602218304856 -4.56602218304856 -4.56602218304856 -4.56602218304856 -4.56602218304856 -4.56602218304856 -4.56602218304856 -4.56602218304856 -4.56602218304856 -4.56602218304856 -4.56602218304856 -4.56602218304856 -4.56602218304856 -4.56602218304856 
