0 100.0 18.01044225686649 8.73057734296949 5.292908989665958 3.743974129419657 2.896458167199122 2.3857715083884115 2.0666692458499623 1.8716295101931628 1.766615419440922 1.7342915809398525 1.7667322888848644 1.8619679917559844 2.0222976088883216 2.2535100605501905 2.564626843565894 2.967979447966113 3.47953207551558 4.119411304530025 4.912634444066937 5.890048271966592 
1 0.0 16.97602326715321 11.516303047922046 8.014331989821331 6.064173552851238 4.892900040198192 4.157681031589653 3.6962395489225846 3.4261727191745943 3.3045340704696557 3.3100750414661855 3.4348034502330833 3.679798134695435 4.053175170935828 4.569253449855288 5.248461361517396 6.117759242017398 7.211472860287996 8.572501973806236 10.253911600604052 12.32094509496157 
2 0.0 9.267013875729718 9.260275296188595 7.789997344241083 6.53089094827008 5.639183835306932 5.047034840558066 4.687811522213207 4.5188036058446 4.517144943427831 4.674406654971114 4.992988529463475 5.4841437817661305 6.167168533137846 7.069413070724171 8.226911891247871 9.685531238105359 11.502602522333472 13.74905939923264 16.51213441073218 19.898704213645722 
3 0.0 3.7564611400773145 5.647175450110998 5.978623167928463 5.749474439988593 5.4642939756104925 5.272379339963087 5.217870427390923 5.317294553224973 5.582915795964065 6.030091415516745 6.679941304234723 7.560765394051043 8.709295674713188 10.172150210609876 12.007639452274786 14.288018619532062 17.102276523041297 20.559566765495173 24.79341147226775 29.96683807730799 
4 0.0 1.2874702729933947 2.9779160447722517 4.119339445896981 4.695031664983653 5.041069562647407 5.3514471260785275 5.730021279032602 6.239533295854742 6.926580332618803 7.8337979331046546 9.00640456356587 10.496389347510695 12.36580882511358 14.689895989297783 17.560370177274674 21.089208713412674 25.413095535766097 30.69875636238545 37.14940724882834 45.01257691458242 
5 0.0 0.3883692422609741 1.3911150970085178 2.5712290919484446 3.5492401646795075 4.3792170720952805 5.175525743107957 6.0364884220242425 7.040593592525177 8.255300718543795 9.745431785529966 11.579663883844113 13.835692671186356 16.604763794667658 19.996113560444993 24.14172543458055 29.201730343659985 35.37074605197603 42.885451688856726 52.03371950567128 63.16567277656861 
6 0.0 0.10553828097975934 0.5827718333822011 1.4539993097147594 2.4593327358236916 3.5165170351008044 4.644606544984612 5.898180820914662 7.341367981009891 9.042367182549043 11.075112504747587 13.5229628163949 16.482917792349948 20.07012188429009 24.42280369418027 29.707901345753886 36.12765291142563 43.927451633921436 53.40529816607233 64.92323147235004 78.9211880169145 
7 0.0 0.026247350715828094 0.22084823671338386 0.7443665372493281 1.5464259952454098 2.560706459383565 3.762821379409733 5.165018818268685 6.803163333273871 8.72985090253905 11.012453724298284 13.733893758208445 16.994974035537062 20.917814413105894 25.650292374286142 31.37155984303475 38.2988026738092 46.69548006254964 56.88134797428138 69.24464378635642 84.25689450145744 
8 0.0 0.006047001643096263 0.07618326692835588 0.34309577958855 0.8650685187146935 1.6349505593058624 2.6314954936892563 3.8469339462767573 5.293494016835871 7.002684220224642 9.023678486297062 11.422719286355933 14.28387190369499 17.711056515315963 21.831260726168388 26.798910018711876 32.80146169337088 40.066370101898634 48.869647878310204 59.546324708867544 72.50318764113202 
9 0.0 0.001277020590867856 0.022915135895353298 0.13101912026629808 0.3829383755405813 0.7949290029957274 1.3595848611630155 2.0686637716829406 2.923681105200717 3.938357076309794 5.13824819747247 6.5601646973374885 8.252232408985567 10.274765277038384 12.701925513360969 15.624141384869214 19.151296913113914 23.41676051538445 28.582370716120312 34.84454687743047 42.441744499025354 
